0.679
0.633
0.621
0.655
0.633
0.655
0.6
0.6
0.6
0.6
0.6
0.6
0.581
0.621
0.621
0.655
0.621
0.586
0.621
0.621
0.6
0.6
0.581
0.633
0.633
0.633
0.633
0.633
0.633
0.633
0.633
0.6
0.613
0.567
0.567
0.621
0.633
0.633
0.6
0.633
0.633
0.633
0.655
0.633
0.581
0.667
0.613
0.645
0.645
0.7
0.633
0.667
0.667
0.633
0.677
0.645
0.645
0.667
0.667
0.667
0.645
0.667
0.645
0.645
0.667
0.667
0.667
0.667
0.667
0.667
0.667
0.667
0.645
0.645
0.613
0.645
0.633
0.667
0.613
0.613
0.562
0.6
0.633
0.613
0.613
0.633
0.667
0.667
0.613
0.633
0.613
0.613
0.613
0.613
0.613
0.613
0.633
0.613
0.613
0.613
0.613
0.613
0.613
0.613
0.613
0.667
0.667
0.645
0.645
0.667
0.625
0.633
0.667
0.613
0.613
0.613
0.645
0.633
0.581
0.613
0.613
0.633
0.613
0.613
0.613
0.613
0.645
0.677
0.677
0.677
0.677
0.688
0.71
0.742
0.767
0.806
0.806
0.871
0.875
0.906
0.968
0.938
0.968
0.906
1.0
1.033
1.032
0.941
1.0
1.031
1.097
1.031
1.1
1.133
1.032
1.065
1.0
1.062
1.062
1.065
0.97
0.97
1.0
1.065
1.031
1.031
1.031
1.031
1.0
1.031
1.0
1.032
1.065
1.032
1.031
1.097
1.065
1.0
1.0
1.032
1.0
0.969
0.969
0.97
0.941
1.0
0.941
0.939
0.969
1.0
1.0
1.0
1.0
0.938
0.939
1.0
0.969
0.97
1.031
1.0
0.97
0.969
0.939
1.0
0.939
1.0
1.0
0.941
0.97
0.939
1.0
1.031
1.0
1.0
0.941
0.941
0.969
1.0
0.941
1.031
0.97
0.97
1.0
0.939
0.969
0.97
1.0
0.969
1.0
1.0
0.939
1.0
0.97
0.969
0.969
0.939
0.97
0.97
1.031
0.97
0.941
1.0
1.0
0.941
0.939
0.941
0.941
0.97
0.97
0.969
0.969
1.0
0.97
0.941
0.939
0.912
0.97
1.0
0.941
0.941
0.97
1.031
1.0
1.0
0.97
0.914
0.939
0.939
0.939
0.939
0.941
0.941
0.939
1.0
0.97
0.939
0.939
0.939
0.97
0.97
0.97
1.0
1.0
0.939
1.0
1.0
0.912
0.909
0.912
0.97
0.912
0.941
0.939
0.969
0.969
0.909
0.969
1.0
1.0
0.969
1.032
1.0
0.969
0.969
0.969
0.969
0.969
0.968
0.969
0.857
0.912
0.912
0.939
0.909
0.909
0.912
0.939
0.969
0.909
0.97
0.939
0.939
0.97
0.909
0.939
0.909
0.909
0.968
0.939
0.909
0.909
0.882
0.882
1.0
0.909
0.939
0.938
0.969
0.969
0.969
0.969
0.939
0.939
0.882
0.879
0.882
1.0
1.0
0.938
0.969
1.0
0.939
0.969
1.0
0.909
0.909
0.909
0.906
0.938
0.938
1.033
1.0
0.969
1.0
0.938
0.939
0.969
0.939
1.0
0.882
0.969
0.939
0.938
0.939
0.909
0.938
0.938
0.853
0.939
0.939
0.938
0.938
0.968
0.909
0.939
0.909
0.938
0.939
0.938
0.938
0.969
0.97
0.912
0.909
0.939
0.938
0.909
0.938
0.938
0.939
0.939
0.939
0.938
0.969
0.906
0.875
0.848
0.875
0.844
0.788
0.727
0.636
0.606
0.559
0.5
0.515
0.515
0.5
0.484
0.469
0.452
0.387
0.387
0.4
0.4
0.387
0.4
0.4
0.419
0.419
0.433
0.419
0.467
0.433
0.419
0.419
0.387
0.419
0.419
0.4
0.387
0.387
0.4
0.4
0.387
0.387
0.387
0.4
0.419
0.419
0.387
0.4
0.4
0.387
0.387
0.4
0.419
0.387
0.367
0.367
0.387
0.387
0.419
0.419
0.419
0.419
0.433
0.419
0.419
0.433
0.433
0.419
0.433
0.387
0.4
0.419
0.419
0.419
0.433
0.419
0.419
0.433
0.433
0.433
0.433
0.433
0.4
0.323
0.367
0.387
0.375
0.375
0.419
0.419
0.419
0.433
0.433
0.419
0.452
0.452
0.452
0.452
0.452
0.484
0.484
0.484
0.484
0.484
0.484
0.484
0.533
0.533
0.484
0.516
0.516
0.5
0.533
0.467
0.467
0.419
0.419
0.406
0.387
0.367
0.323
0.258
0.267
0.167
0.1
0.069
0.034
0.033
0.103
0.143
0.172
0.207
0.179
0.222
0.231
0.24
0.24
0.208
0.16
0.192
0.192
0.192
0.192
0.192
0.231
0.192
0.192
0.154
0.154
0.185
0.148
0.185
0.148
0.192
0.148
0.185
0.192
0.154
0.154
0.154
0.185
0.192
0.192
0.192
0.292
0.304
0.25
0.25
0.25
0.25
0.2
0.2
0.2
0.2
0.2
0.208
0.208
0.167
0.2
0.2
0.16
0.2
0.2
0.167
0.2
0.2
0.2
0.2
0.167
0.217
0.208
0.167
0.208
0.217
0.167
0.167
0.16
0.192
0.154
0.154
0.185
0.148
0.148
0.179
0.148
0.148
0.148
0.148
0.148
0.115
0.115
0.154
0.148
0.192
0.25
0.25
0.25
0.125
0.154
0.154
0.115
0.148
0.115
0.154
0.12
0.115
0.115
0.154
0.154
0.154
0.154
0.192
0.154
0.154
0.154
0.2
0.154
0.148
0.154
0.154
0.185
0.154
0.154
0.154
0.16
0.154
0.154
0.192
0.185
0.154
0.154
0.154
0.192
0.154
0.154
0.28
0.208
0.217
0.174
0.16
0.12
0.12
0.192
0.148
0.154
0.115
0.111
0.111
0.115
0.074
0.074
0.037
0.038
0.037
0.037
0.038
0.037
0.074
0.036
0.037
0.074
0.037
0.037
0.037
0.037
0.033
0.031
0.094
0.125
0.219
0.273
0.364
0.406
0.516
0.548
0.633
0.633
0.724
0.69
0.655
0.567
0.567
0.533
0.533
0.5
0.5
0.5
0.484
0.5
0.533
0.5
0.517
0.517
0.517
0.536
0.552
0.533
0.552
0.533
0.552
0.533
0.533
0.517
0.5
0.517
0.536
0.5
0.483
0.5
0.467
0.467
0.467
0.5
0.533
0.552
0.448
0.448
0.467
0.483
0.517
0.5
0.5
0.517
0.467
0.517
0.517
0.517
0.5
0.5
0.5
0.5
0.5
0.467
0.467
0.467
0.467
0.467
0.467
0.467
0.483
0.448
0.483
0.483
0.448
0.448
0.483
0.483
0.483
0.483
0.483
0.407
0.393
0.414
0.448
0.483
0.483
0.448
0.414
0.483
0.448
0.483
0.483
0.419
0.433
0.433
0.467
0.483
0.467
0.483
0.433
0.429
0.379
0.448
0.433
0.467
0.448
0.433
0.433
0.433
0.433
0.433
0.452
0.467
0.467
0.467
0.467
0.464
0.414
0.4
0.433
0.483
0.452
0.5
0.5
0.5
0.516
0.567
0.6
0.7
0.8
0.897
1.0
1.154
1.24
1.292
1.348
1.5
1.7
1.667
1.75
1.667
1.7
1.667
1.417
1.32
1.32
1.32
1.36
1.32
1.32
1.308
1.32
1.32
1.32
1.32
1.231
1.28
1.192
1.192
1.231
1.28
1.192
1.069
1.111
1.111
1.148
1.154
1.154
1.192
1.192
1.192
1.192
1.148
1.148
1.148
1.154
1.074
1.111
1.111
1.111
1.154
1.074
1.037
0.966
0.931
1.0
1.0
1.0
1.036
1.0
1.037
1.036
1.036
1.037
1.0
1.036
0.964
1.0
1.036
1.036
1.036
1.0
1.0
0.929
1.0
0.964
0.964
0.964
1.0
1.0
1.037
1.0
1.0
1.0
1.0
1.037
1.0
1.0
1.0
1.0
1.037
1.0
1.0
1.037
1.0
1.0
1.0
0.964
0.964
0.964
0.964
0.964
0.964
1.0
1.0
1.0
1.037
0.931
0.964
0.964
1.0
0.964
0.964
0.963
0.964
0.964
0.964
0.964
0.964
0.964
0.964
0.931
0.897
0.929
0.897
0.897
0.897
0.897
0.929
0.897
0.897
0.929
0.862
0.862
0.767
0.733
0.69
0.633
0.567
0.5
0.452
0.419
0.387
0.387
0.387
0.355
0.3
0.29
0.333
0.333
0.333
0.333
0.31
0.3
0.355
0.364
0.406
0.438
0.452
0.467
0.467
0.452
0.484
0.469
0.484
0.516
0.533
0.516
0.516
0.484
0.5
0.419
0.467
0.533
0.533
0.516
0.5
0.516
0.516
0.516
0.484
0.484
0.5
0.5
0.5
0.484
0.533
0.533
0.552
0.533
0.5
0.533
0.533
0.517
0.433
0.448
0.452
0.484
0.5
0.5
0.5
0.517
0.5
0.533
0.533
0.533
0.533
0.533
0.517
0.5
0.5
0.5
0.5
0.517
0.5
0.5
0.517
0.5
0.5
0.5
0.484
0.5
0.467
0.448
0.448
0.483
0.5
0.5
0.517
0.5
0.467
0.5
0.5
0.517
0.517
0.5
0.5
0.517
0.467
0.5
0.517
0.517
0.517
0.483
0.414
0.483
0.452
0.452
0.467
0.452
0.467
0.5
0.467
0.467
0.452
0.433
0.414
0.483
0.414
0.5
0.448
0.483
0.483
0.517
0.533
0.567
0.581
0.562
0.645
0.606
0.688
0.656
0.645
0.645
0.7
0.645
0.7
0.645
0.613
0.633
0.667
0.633
0.562
0.567
0.633
0.625
0.633
0.613
0.645
0.613
0.633
0.613
0.613
0.613
0.667
0.645
0.613
0.581
0.645
0.613
0.613
0.667
0.645
0.613
0.645
0.594
0.613
0.613
0.633
0.594
0.613
0.484
0.469
0.562
0.581
0.6
0.625
0.645
0.645
0.613
0.594
0.613
0.581
0.613
0.581
0.613
0.625
0.581
0.548
0.562
0.613
0.613
0.594
0.594
0.594
0.581
0.562
0.531
0.567
0.562
0.633
0.594
0.562
0.613
0.562
0.613
0.6
0.6
0.581
0.594
0.613
0.613
0.562
0.613
0.581
0.581
0.613
0.594
0.645
0.594
0.562
0.581
0.581
0.455
0.531
0.581
0.6
0.594
0.594
0.562
0.562
0.581
0.562
0.581
0.531
0.548
0.581
0.581
0.633
0.613
0.6
0.581
0.613
0.594
0.562
0.5
0.531
0.548
0.581
0.581
0.613
0.613
0.613
0.581
0.581
0.581
0.6
0.613
0.613
0.581
0.5
0.548
0.5
0.5
0.5
0.5
0.5
0.531
0.515
0.562
0.562
0.562
0.581
0.581
0.581
0.613
0.6
0.531
0.548
0.531
0.548
0.581
0.581
0.6
0.567
0.567
0.567
0.567
0.567
0.567
0.567
0.548
0.567
0.581
0.548
0.567
0.533
0.533
0.516
0.5
0.516
0.548
0.548
0.567
0.567
0.567
0.567
0.567
0.516
0.516
0.567
0.548
0.548
0.533
0.548
0.531
0.516
0.548
0.548
0.548
0.567
0.567
0.567
0.548
0.548
0.548
0.567
0.484
0.484
0.452
0.484
0.548
0.548
0.567
0.548
0.548
0.567
0.548
0.533
0.533
0.548
0.516
0.516
0.533
0.533
0.533
0.516
0.5
0.452
0.484
0.516
0.516
0.548
0.533
0.567
0.516
0.567
0.516
0.548
0.567
0.567
0.548
0.548
0.548
0.516
0.533
0.516
0.531
0.548
0.548
0.613
0.645
0.667
0.71
0.733
0.793
0.862
0.931
1.0
1.071
1.148
1.222
1.296
1.385
1.52
1.625
1.625
1.75
1.826
2.0
2.211
2.2
2.2
2.143
2.091
2.136
2.238
2.286
2.4
2.182
2.136
2.286
2.286
2.35
2.35
2.3
2.136
2.182
2.182
2.227
2.182
2.087
2.238
2.136
2.136
2.136
2.136
2.087
2.286
2.136
2.087
2.182
2.136
2.286
2.091
1.957
2.19
2.136
2.043
1.84
1.875
1.957
1.917
2.045
2.091
2.043
2.0
1.957
2.0
1.957
2.0
2.0
1.957
1.957
1.957
1.913
1.875
2.0
1.957
1.833
1.957
1.87
2.045
1.76
1.917
1.8
1.875
1.8
1.833
1.692
1.84
1.8
1.875
1.875
1.875
1.913
1.913
1.833
1.833
1.957
1.875
1.833
1.833
1.833
1.875
1.833
1.957
1.84
1.913
1.917
1.8
1.957
1.875
1.875
1.917
1.957
1.875
1.875
1.875
1.913
1.792
1.76
1.692
1.833
1.957
1.957
1.957
1.913
1.957
1.957
1.957
1.913
1.76
1.8
1.957
1.76
1.875
1.8
1.8
1.875
1.833
1.76
1.833
1.76
1.87
1.833
1.833
1.76
1.76
1.833
1.875
1.8
1.87
1.76
1.875
1.875
1.8
1.833
1.731
1.731
1.731
1.8
1.833
1.833
1.875
1.833
1.87
1.833
1.875
1.792
1.957
1.875
2.0
1.76
1.833
1.833
1.833
1.955
1.913
1.72
1.792
1.792
1.87
1.826
1.72
1.577
1.6
1.393
1.407
1.233
1.094
1.062
1.0
0.882
0.794
0.686
0.611
0.543
0.529
0.471
0.485
0.424
0.424
0.469
0.455
0.469
0.455
0.455
0.455
0.469
0.469
0.469
0.484
0.5
0.5
0.485
0.5
0.469
0.469
0.469
0.485
0.484
0.5
0.5
0.485
0.515
0.5
0.5
0.5
0.516
0.5
0.469
0.516
0.469
0.469
0.455
0.455
0.469
0.424
0.455
0.469
0.469
0.452
0.455
0.469
0.469
0.469
0.469
0.469
0.484
0.485
0.484
0.484
0.469
0.469
0.469
0.469
0.469
0.469
0.469
0.469
0.469
0.5
0.5
0.5
0.5
0.5
0.5
0.469
0.469
0.469
0.469
0.469
0.469
0.5
0.469
0.455
0.5
0.455
0.469
0.5
0.5
0.455
0.485
0.469
0.455
0.485
0.485
0.5
0.469
0.469
0.5
0.5
0.485
0.5
0.485
0.485
0.469
0.455
0.485
0.485
0.485
0.5
0.531
0.531
0.531
0.531
0.516
0.531
0.5
0.531
0.469
0.5
0.485
0.469
0.455
0.485
0.485
0.485
0.485
0.455
0.485
0.485
0.485
0.485
0.485
0.485
0.485
0.485
0.5
