0.75
0.778
0.741
0.778
0.808
0.778
0.769
0.769
0.769
0.741
0.741
0.741
0.769
0.741
0.741
0.714
0.621
0.643
0.679
0.714
0.769
0.769
0.769
0.84
0.808
0.808
0.769
0.808
0.778
0.778
0.741
0.769
0.808
0.704
0.714
0.655
0.741
0.741
0.741
0.778
0.778
0.778
0.778
0.778
0.769
0.846
0.808
0.846
0.846
0.885
0.84
0.846
0.846
0.808
0.92
0.846
0.846
0.846
0.846
0.846
0.88
0.88
0.846
0.88
0.846
0.846
0.846
0.846
0.846
0.846
0.846
0.846
0.88
0.846
0.808
0.88
0.808
0.88
0.808
0.808
0.808
0.741
0.778
0.808
0.808
0.778
0.815
0.846
0.846
0.778
0.808
0.808
0.808
0.808
0.808
0.808
0.808
0.808
0.808
0.808
0.808
0.808
0.808
0.808
0.808
0.815
0.815
0.846
0.846
0.815
0.88
0.808
0.846
0.778
0.84
0.846
0.846
0.808
0.84
0.84
0.84
0.808
0.769
0.808
0.8
0.84
0.88
0.846
0.885
0.846
0.92
0.96
0.923
0.962
0.889
0.962
0.963
1.0
1.077
1.074
1.111
1.074
1.074
1.074
1.111
1.071
1.107
1.143
1.103
1.138
1.1
1.138
1.133
1.097
1.1
1.133
1.133
1.167
1.2
1.167
1.172
1.172
1.133
1.097
1.167
1.133
1.133
1.167
1.172
1.167
1.133
1.097
1.097
1.1
1.167
1.167
1.133
1.1
1.1
1.1
1.133
1.138
1.1
1.172
1.25
1.172
1.207
1.138
1.138
1.172
1.25
1.207
1.172
1.1
1.1
1.1
1.138
1.172
1.207
1.214
1.172
1.172
1.172
1.133
1.172
1.25
1.207
1.25
1.207
1.214
1.214
1.25
1.172
1.167
1.214
1.214
1.1
1.167
1.25
1.207
1.207
1.25
1.172
1.172
1.172
1.214
1.138
1.138
1.167
1.133
1.214
1.167
1.207
1.214
1.172
1.214
1.25
1.207
1.241
1.25
1.259
1.25
1.25
1.25
1.214
1.25
1.296
1.207
1.25
1.138
1.25
1.25
1.25
1.286
1.207
1.214
1.207
1.241
1.25
1.25
1.241
1.207
1.286
1.286
1.25
1.296
1.172
1.172
1.172
1.25
1.207
1.25
1.172
1.207
1.25
1.172
1.172
1.172
1.207
1.214
1.172
1.25
1.167
1.214
1.25
1.259
1.308
1.214
1.214
1.25
1.259
1.25
1.172
1.214
1.207
1.172
1.207
1.207
1.214
1.259
1.207
1.167
1.207
1.133
1.214
1.172
1.133
1.1
1.167
1.214
1.25
1.44
1.25
1.214
1.259
1.25
1.25
1.172
1.259
1.25
1.25
1.25
1.207
1.214
1.25
1.214
1.214
1.1
1.207
1.172
1.214
1.25
1.214
1.207
1.172
1.214
1.172
1.172
1.172
1.172
1.25
1.172
1.207
1.179
1.1
1.214
1.097
1.241
1.172
1.172
1.241
1.172
1.214
1.207
1.214
1.214
1.167
1.1
1.133
1.133
1.129
1.167
1.207
1.133
1.133
1.207
1.207
1.207
1.133
1.214
1.167
1.207
1.207
1.25
1.172
1.172
1.207
1.214
1.207
1.207
1.207
1.172
1.172
1.214
1.25
1.214
1.172
1.167
1.133
1.133
1.207
1.333
1.25
1.172
1.172
1.172
1.172
1.172
1.207
1.214
1.25
1.296
1.172
1.214
1.179
1.138
1.143
1.222
1.185
1.24
1.077
1.04
0.923
0.917
0.808
0.769
0.8
0.76
0.654
0.68
0.64
0.577
0.538
0.556
0.615
0.64
0.64
0.615
0.68
0.68
0.68
0.68
0.654
0.68
0.68
0.68
0.68
0.72
0.72
0.692
0.72
0.72
0.72
0.72
0.72
0.72
0.72
0.68
0.72
0.72
0.72
0.692
0.692
0.68
0.72
0.68
0.692
0.692
0.63
0.667
0.692
0.654
0.76
0.76
0.76
0.72
0.692
0.72
0.72
0.692
0.72
0.76
0.731
0.692
0.667
0.76
0.76
0.76
0.731
0.76
0.731
0.731
0.731
0.731
0.731
0.731
0.692
0.654
0.667
0.731
0.76
0.76
0.76
0.76
0.76
0.731
0.731
0.731
0.76
0.692
0.72
0.692
0.654
0.654
0.654
0.654
0.68
0.68
0.68
0.68
0.654
0.654
0.615
0.654
0.654
0.63
0.731
0.692
0.692
0.692
0.769
0.8
0.769
0.808
0.88
0.92
1.0
1.083
1.174
1.381
1.579
1.882
2.0
2.2
2.357
2.615
2.429
2.2
2.133
2.133
2.067
2.062
2.2
2.2
2.267
2.267
2.267
2.267
2.267
2.267
2.267
2.267
2.333
2.267
2.333
2.267
2.333
2.125
2.267
2.429
2.125
2.125
2.062
2.062
2.267
2.062
2.2
2.2
1.882
1.824
1.882
1.882
1.882
1.882
2.062
1.941
1.941
1.941
2.062
1.941
1.833
1.941
1.941
1.941
2.125
1.941
1.941
2.0
2.0
2.0
1.941
2.062
2.0
1.833
1.941
2.062
1.941
1.941
1.941
1.941
1.941
2.125
2.125
2.125
2.267
2.267
2.062
2.2
2.125
2.125
2.267
2.125
2.125
1.941
2.062
2.062
2.062
1.941
1.722
1.722
1.778
1.833
2.125
2.125
2.125
2.125
2.0
2.062
2.0
2.0
2.0
2.0
2.125
2.125
2.0
2.0
1.941
1.941
2.062
1.941
2.0
2.188
2.0
2.125
2.267
2.125
2.125
2.125
2.0
2.0
2.188
2.125
2.267
2.188
2.188
2.188
2.125
2.333
2.267
2.0
1.882
1.882
1.941
2.125
2.125
2.059
2.125
2.125
2.125
2.188
2.125
2.188
2.059
2.188
2.059
2.0
1.889
2.0
2.0
2.0
2.0
1.941
2.0
2.0
1.941
1.941
1.833
1.833
1.55
1.632
1.526
1.474
1.25
1.045
0.913
0.826
0.708
0.64
0.56
0.5
0.44
0.462
0.462
0.462
0.423
0.481
0.481
0.519
0.538
0.577
0.577
0.577
0.615
0.654
0.615
0.593
0.556
0.593
0.593
0.654
0.654
0.654
0.654
0.63
0.654
0.63
0.607
0.63
0.593
0.571
0.593
0.571
0.607
0.593
0.593
0.63
0.667
0.667
0.667
0.593
0.571
0.593
0.571
0.607
0.643
0.667
0.643
0.63
0.643
0.643
0.643
0.667
0.667
0.692
0.692
0.692
0.667
0.667
0.692
0.667
0.667
0.643
0.643
0.621
0.607
0.643
0.643
0.607
0.607
0.643
0.667
0.667
0.667
0.643
0.607
0.607
0.63
0.667
0.667
0.704
0.667
0.607
0.643
0.643
0.643
0.667
0.667
0.667
0.667
0.704
0.643
0.667
0.643
0.704
0.63
0.63
0.667
0.704
0.731
0.704
0.731
0.704
0.667
0.679
0.704
0.731
0.704
0.704
0.667
0.667
0.643
0.571
0.63
0.654
0.667
0.667
0.667
0.692
0.654
0.615
0.556
0.5
0.462
0.44
0.36
0.25
0.25
0.174
0.13
0.087
0.042
0.042
0.043
0.083
0.125
0.12
0.167
0.174
0.182
0.182
0.182
0.227
0.227
0.227
0.286
0.273
0.318
0.348
0.348
0.348
0.348
0.318
0.261
0.318
0.304
0.261
0.227
0.227
0.227
0.273
0.261
0.261
0.304
0.292
0.304
0.333
0.348
0.333
0.348
0.292
0.261
0.25
0.261
0.273
0.261
0.273
0.227
0.238
0.2
0.238
0.238
0.238
0.286
0.286
0.227
0.286
0.227
0.227
0.273
0.273
0.227
0.273
0.273
0.273
0.273
0.286
0.286
0.19
0.227
0.227
0.238
0.238
0.286
0.286
0.227
0.227
0.217
0.217
0.273
0.217
0.227
0.273
0.286
0.227
0.273
0.238
0.286
0.238
0.238
0.286
0.286
0.25
0.238
0.238
0.238
0.286
0.286
0.273
0.273
0.227
0.318
0.227
0.227
0.227
0.273
0.238
0.217
0.273
0.273
0.273
0.227
0.273
0.273
0.273
0.273
0.273
0.286
0.273
0.273
0.227
0.273
0.273
0.273
0.273
0.273
0.304
0.304
0.333
0.333
0.36
0.346
0.423
0.444
0.444
0.556
0.654
0.692
0.8
0.84
0.8
0.76
0.76
0.769
0.769
0.769
0.769
0.692
0.692
0.72
0.75
0.72
0.72
0.72
0.654
0.654
0.64
0.64
0.64
0.6
0.64
0.654
0.68
0.692
0.654
0.654
0.615
0.615
0.63
0.692
0.692
0.654
0.692
0.72
0.72
0.692
0.692
0.692
0.692
0.692
0.692
0.731
0.731
0.731
0.76
0.692
0.731
0.76
0.731
0.654
0.63
0.68
0.72
0.692
0.692
0.692
0.692
0.692
0.731
0.76
0.731
0.731
0.704
0.692
0.667
0.692
0.667
0.667
0.667
0.692
0.692
0.667
0.692
0.692
0.692
0.692
0.667
0.667
0.63
0.63
0.667
0.731
0.692
0.667
0.692
0.667
0.731
0.731
0.704
0.667
0.667
0.667
0.704
0.692
0.692
0.692
0.667
0.731
0.692
0.654
0.667
0.667
0.692
0.667
0.692
0.667
0.731
0.769
0.778
0.88
0.885
0.889
1.038
1.08
1.2
1.2
1.292
1.435
1.478
1.5
1.609
1.652
1.727
1.818
1.952
1.909
1.909
1.826
2.0
1.955
2.048
1.955
2.048
2.0
1.909
2.048
2.15
2.048
2.0
2.15
2.5
2.143
2.316
2.25
2.368
2.25
2.368
2.368
2.25
2.25
2.3
2.444
2.316
2.25
2.25
2.25
2.25
2.25
2.368
2.421
2.368
2.25
2.25
2.25
2.5
2.316
2.158
2.158
2.444
2.316
2.2
2.368
2.421
2.3
2.368
2.5
2.368
2.368
2.25
2.316
2.421
2.556
2.316
2.316
2.368
2.25
2.3
2.421
2.421
2.3
2.25
2.5
2.238
2.2
2.3
2.091
2.25
2.5
2.421
2.238
2.3
2.368
2.2
2.5
2.5
2.368
2.368
2.5
2.368
2.316
2.316
2.368
2.368
2.421
2.5
2.316
2.316
2.421
2.263
2.444
2.5
2.316
2.556
2.5
2.368
2.5
2.368
2.444
2.2
2.25
2.2
2.25
2.316
2.368
2.368
2.25
2.316
2.368
2.421
2.368
2.2
2.2
2.316
2.316
2.316
2.25
2.3
2.368
2.316
2.095
2.15
2.048
2.1
2.15
2.05
1.773
1.727
1.542
1.5
1.478
1.292
1.167
1.125
0.96
0.88
0.808
0.76
0.72
0.654
0.68
0.692
0.654
0.68
0.68
0.72
0.68
0.72
0.731
0.692
0.72
0.692
0.692
0.692
0.692
0.692
0.72
0.76
0.692
0.76
0.76
0.72
0.667
0.692
0.72
0.72
0.76
0.76
0.76
0.76
0.731
0.731
0.731
0.731
0.76
0.76
0.731
0.76
0.76
0.72
0.76
0.76
0.72
0.76
0.8
0.76
0.731
0.76
0.8
0.8
0.76
0.76
0.769
0.76
0.731
0.692
0.76
0.8
0.8
0.8
0.833
0.8
0.769
0.76
0.76
0.76
0.76
0.76
0.731
0.731
0.731
0.731
0.76
0.704
0.704
0.76
0.731
0.731
0.8
0.731
0.769
0.76
0.769
0.731
0.8
0.704
0.704
0.76
0.76
0.76
0.76
0.731
0.76
0.76
0.76
0.692
0.72
0.654
0.654
0.68
0.577
0.556
0.519
0.481
0.481
0.481
0.5
0.48
0.48
0.48
0.52
0.519
0.481
0.483
0.467
0.448
0.333
0.452
0.353
0.424
0.469
0.455
0.5
0.545
0.5
0.515
0.441
0.5
0.5
0.529
0.472
0.5
0.576
0.559
0.545
0.576
0.559
0.545
0.529
0.545
0.545
0.576
0.529
0.606
0.529
0.545
0.594
0.576
0.562
0.529
0.515
0.531
0.486
0.576
0.531
0.5
0.5
0.485
0.562
0.441
0.545
0.562
0.5
0.485
0.515
0.531
0.545
0.581
0.515
0.485
0.515
0.531
0.5
0.471
0.581
0.5
0.485
0.469
0.531
0.533
0.531
0.533
0.531
0.533
0.516
0.452
0.516
0.567
0.516
0.516
0.5
0.5
0.516
0.516
0.567
0.485
0.548
0.548
0.516
0.548
0.531
0.548
0.485
0.548
0.5
0.548
0.567
0.531
0.5
0.516
0.562
0.5
0.516
0.533
0.548
0.424
0.452
0.5
0.433
0.5
0.567
0.516
0.516
0.469
0.548
0.516
0.5
0.455
0.516
0.548
0.531
0.516
0.531
0.6
0.581
0.531
0.5
0.516
0.533
0.533
0.469
0.5
0.469
0.533
0.567
0.5
0.567
0.548
0.469
0.533
0.531
0.531
0.567
0.516
0.517
0.5
0.484
0.516
0.548
0.5
0.548
0.516
0.455
0.548
0.567
0.516
0.5
0.548
0.485
0.533
0.533
0.567
0.548
0.5
0.548
0.567
0.533
0.567
0.531
0.531
0.613
0.655
0.6
0.704
0.704
0.778
0.769
0.88
0.84
0.84
0.875
0.913
0.957
0.87
0.87
0.826
0.792
0.783
0.783
0.739
0.773
0.739
0.696
0.696
0.652
0.609
0.609
0.583
0.583
0.609
0.609
0.609
0.609
0.565
0.565
0.565
0.609
0.542
0.609
0.609
0.591
0.636
0.583
0.609
0.609
0.583
0.609
0.609
0.583
0.609
0.609
0.609
0.609
0.609
0.609
0.609
0.583
0.609
0.542
0.609
0.583
0.583
0.583
0.583
0.609
0.583
0.609
0.583
0.583
0.583
0.583
0.583
0.583
0.583
0.583
0.583
0.609
0.583
0.625
0.625
0.625
0.625
0.625
0.625
0.625
0.652
0.667
0.696
0.625
0.625
0.667
0.667
0.667
0.68
0.696
0.667
0.696
0.667
0.696
0.739
0.667
0.667
0.708
0.667
0.708
0.667
0.667
0.667
0.667
0.667
0.667
0.696
0.696
0.6
0.667
0.696
0.696
0.667
0.667
0.708
0.68
0.708
0.708
0.68
0.72
0.68
0.76
0.75
0.708
0.783
0.783
0.739
0.783
0.818
0.783
0.773
0.773
0.773
0.739
0.739
0.739
0.739
0.739
0.783
0.739
0.783
