0.905
0.905
0.9
0.905
0.905
0.905
0.9
0.9
0.9
0.9
0.9
0.9
0.9
0.9
0.9
0.95
1.0
0.944
0.947
0.9
0.9
0.9
0.9
0.905
0.905
0.905
0.95
0.905
0.905
0.905
0.95
0.9
0.905
0.895
0.85
0.947
0.95
0.95
0.9
0.905
0.905
0.905
0.905
0.905
0.9
0.909
0.905
0.909
0.909
0.913
0.905
0.909
0.909
0.905
0.913
0.909
0.909
0.909
0.909
0.909
0.909
0.909
0.909
0.909
0.909
0.909
0.909
0.909
0.909
0.909
0.909
0.909
0.909
0.909
0.905
0.909
0.905
0.909
0.905
0.905
0.857
0.9
0.905
0.905
0.905
0.905
0.909
0.909
0.864
0.905
0.905
0.905
0.905
0.905
0.905
0.905
0.905
0.905
0.905
0.905
0.905
0.905
0.905
0.905
0.905
0.909
0.909
0.909
0.909
0.909
0.909
0.905
0.909
0.905
0.905
0.864
0.909
0.905
0.857
0.905
0.905
0.905
0.95
0.905
0.95
0.905
0.909
0.955
0.913
0.955
0.913
0.917
0.917
0.92
0.958
1.0
0.962
1.0
1.0
1.0
1.0
1.034
1.034
1.0
1.033
1.033
1.032
1.0
1.0
1.0
1.03
1.0
0.971
1.0
0.97
0.971
0.941
0.971
0.944
0.943
0.941
0.941
0.941
0.971
0.943
0.971
0.971
0.943
0.971
0.943
0.941
0.941
0.971
0.97
0.943
0.971
0.971
0.97
0.939
0.97
0.941
0.939
0.939
0.941
0.914
0.941
0.914
0.939
0.939
0.941
0.914
0.943
0.941
0.909
0.939
0.939
0.939
0.941
0.943
0.941
0.941
0.912
0.912
0.941
0.912
0.943
0.914
0.914
0.914
0.912
0.941
0.943
0.941
0.943
0.941
0.941
0.939
0.914
0.914
0.943
0.914
0.914
0.941
0.912
0.912
0.941
0.939
0.939
0.914
0.912
0.912
0.914
0.914
0.912
0.912
0.912
0.914
0.914
0.917
0.914
0.941
0.943
0.943
0.914
0.912
0.914
0.914
0.914
0.914
0.939
0.886
0.886
0.914
0.889
0.886
0.912
0.914
0.917
0.914
0.914
0.889
0.943
0.917
0.917
0.914
0.914
0.912
0.912
0.912
0.886
0.914
0.914
0.912
0.914
0.914
0.912
0.912
0.912
0.914
0.941
0.941
0.914
0.914
0.912
0.943
0.941
0.912
0.882
0.912
0.914
0.912
0.914
0.912
0.912
0.886
0.882
0.886
0.914
0.912
0.912
0.914
0.886
0.886
0.912
0.912
0.912
0.912
0.909
0.886
0.882
0.886
0.861
0.886
0.882
0.882
0.886
0.886
0.912
0.882
0.914
0.886
0.886
0.914
0.882
0.886
0.882
0.882
0.909
0.886
0.882
0.882
0.857
0.882
0.914
0.882
0.912
0.882
0.912
0.912
0.912
0.886
0.912
0.886
0.909
0.879
0.882
0.912
0.861
0.882
0.912
0.917
0.912
0.912
0.886
0.882
0.882
0.857
0.879
0.882
0.882
0.886
0.914
0.886
0.912
0.882
0.886
0.886
0.886
0.882
0.882
0.886
0.886
0.857
0.886
0.882
0.882
0.857
0.853
0.886
0.886
0.857
0.882
0.882
0.882
0.886
0.882
0.882
0.886
0.882
0.882
0.886
0.889
0.886
0.882
0.912
0.882
0.882
0.882
0.857
0.912
0.886
0.886
0.882
0.912
0.879
0.848
0.875
0.848
0.844
0.839
0.857
0.808
0.833
0.864
0.81
0.85
0.85
0.842
0.882
0.882
0.875
0.8
0.857
0.8
0.75
0.75
0.75
0.75
0.765
0.765
0.765
0.765
0.824
0.765
0.765
0.765
0.706
0.722
0.722
0.667
0.667
0.667
0.667
0.667
0.667
0.667
0.667
0.706
0.722
0.722
0.667
0.667
0.667
0.706
0.667
0.706
0.722
0.667
0.647
0.611
0.667
0.706
0.684
0.684
0.684
0.722
0.722
0.722
0.722
0.722
0.722
0.684
0.684
0.667
0.667
0.684
0.684
0.684
0.684
0.684
0.684
0.684
0.684
0.684
0.684
0.684
0.667
0.588
0.611
0.632
0.632
0.632
0.684
0.684
0.684
0.684
0.684
0.684
0.737
0.778
0.778
0.778
0.824
0.882
0.882
0.882
0.882
0.882
0.882
0.882
0.941
0.941
0.938
0.941
0.941
0.882
0.842
0.778
0.778
0.722
0.65
0.65
0.6
0.524
0.455
0.348
0.333
0.192
0.111
0.069
0.033
0.031
0.094
0.121
0.152
0.176
0.147
0.182
0.188
0.188
0.194
0.152
0.121
0.152
0.147
0.147
0.147
0.147
0.176
0.147
0.147
0.118
0.114
0.147
0.114
0.147
0.114
0.147
0.118
0.147
0.147
0.118
0.121
0.121
0.147
0.152
0.152
0.152
0.219
0.226
0.188
0.188
0.188
0.188
0.152
0.152
0.152
0.152
0.152
0.152
0.152
0.121
0.152
0.152
0.118
0.152
0.152
0.118
0.147
0.147
0.152
0.152
0.118
0.152
0.152
0.121
0.152
0.152
0.121
0.121
0.121
0.147
0.118
0.118
0.147
0.118
0.121
0.152
0.118
0.118
0.118
0.118
0.118
0.091
0.091
0.121
0.121
0.152
0.194
0.194
0.188
0.091
0.118
0.118
0.088
0.118
0.088
0.121
0.088
0.088
0.088
0.118
0.118
0.118
0.118
0.147
0.121
0.121
0.121
0.152
0.118
0.114
0.118
0.118
0.147
0.118
0.118
0.118
0.118
0.118
0.114
0.147
0.147
0.114
0.114
0.114
0.147
0.114
0.118
0.219
0.156
0.156
0.121
0.118
0.088
0.086
0.147
0.118
0.118
0.086
0.088
0.086
0.086
0.057
0.057
0.029
0.029
0.029
0.029
0.029
0.029
0.061
0.029
0.029
0.061
0.03
0.03
0.03
0.032
0.032
0.034
0.107
0.16
0.304
0.429
0.632
0.765
1.0
1.214
1.462
1.727
1.75
1.667
1.583
1.545
1.308
1.231
1.143
1.071
1.0
1.0
1.0
0.938
0.941
0.938
0.938
1.0
0.938
0.938
0.941
0.941
0.941
0.941
0.941
0.941
0.941
0.882
0.882
0.938
0.938
0.938
0.875
0.882
0.875
0.875
0.824
0.833
0.889
0.889
0.812
0.812
0.875
0.875
0.882
0.833
0.833
0.833
0.824
0.833
0.833
0.833
0.833
0.833
0.833
0.833
0.833
0.778
0.778
0.778
0.778
0.778
0.778
0.778
0.778
0.765
0.778
0.778
0.765
0.765
0.778
0.778
0.778
0.778
0.778
0.647
0.647
0.706
0.722
0.778
0.737
0.722
0.706
0.778
0.722
0.778
0.778
0.722
0.722
0.722
0.737
0.778
0.778
0.778
0.684
0.706
0.647
0.722
0.684
0.737
0.684
0.684
0.684
0.722
0.684
0.684
0.737
0.737
0.737
0.778
0.778
0.722
0.75
0.706
0.765
0.778
0.778
0.833
0.833
0.882
1.0
1.133
1.385
1.75
2.182
2.889
4.667
5.0
7.75
10.333
15.5
33.0
34.0
35.0
17.5
11.667
11.333
8.75
8.5
8.25
8.25
8.25
6.8
6.6
6.6
5.667
5.5
4.714
4.125
4.125
4.0
4.0
4.429
5.167
4.571
4.571
5.167
6.2
6.0
6.0
5.167
5.0
5.0
4.429
4.429
4.429
3.875
3.875
3.875
3.875
4.286
4.833
5.0
5.0
5.0
5.0
4.833
5.6
5.6
6.75
5.6
5.6
5.6
4.833
4.667
5.6
4.833
5.8
5.6
4.667
4.833
5.4
4.667
4.833
4.833
4.833
4.667
4.667
6.5
5.6
5.4
5.4
5.4
4.667
4.667
5.6
5.6
5.6
5.6
4.667
5.6
5.6
4.667
4.667
5.6
4.667
5.6
4.667
5.6
5.6
4.667
4.667
5.4
5.4
5.4
5.4
4.5
4.5
4.667
4.667
5.4
4.0
5.4
5.4
5.4
4.667
5.4
5.4
4.333
4.5
4.5
5.4
4.5
4.5
4.5
4.5
4.5
4.333
4.333
4.333
5.2
4.333
4.333
4.333
4.333
4.333
3.714
3.571
3.125
2.875
2.444
2.222
1.727
1.417
1.25
0.933
0.765
0.667
0.6
0.571
0.55
0.474
0.474
0.5
0.5
0.5
0.5
0.5
0.5
0.611
0.667
0.722
0.778
0.778
0.824
0.824
0.875
0.938
0.938
1.0
1.0
0.941
0.941
0.889
0.882
0.882
0.812
0.875
0.941
0.889
0.889
0.882
0.889
0.889
0.889
0.833
0.833
0.833
0.833
0.833
0.833
0.842
0.842
0.842
0.842
0.833
0.842
0.842
0.789
0.765
0.765
0.824
0.833
0.833
0.833
0.833
0.833
0.833
0.842
0.842
0.842
0.842
0.842
0.833
0.833
0.833
0.833
0.833
0.833
0.833
0.833
0.833
0.833
0.833
0.833
0.833
0.833
0.778
0.765
0.765
0.778
0.789
0.833
0.833
0.833
0.778
0.789
0.789
0.789
0.833
0.833
0.833
0.789
0.778
0.833
0.833
0.833
0.789
0.778
0.706
0.778
0.778
0.778
0.778
0.778
0.778
0.789
0.7
0.667
0.636
0.565
0.5
0.519
0.444
0.467
0.433
0.452
0.424
0.441
0.444
0.459
0.474
0.474
0.5
0.488
0.524
0.5
0.476
0.476
0.488
0.465
0.488
0.465
0.452
0.452
0.465
0.442
0.419
0.405
0.442
0.444
0.422
0.432
0.444
0.422
0.422
0.422
0.422
0.422
0.444
0.435
0.432
0.409
0.444
0.422
0.422
0.444
0.444
0.422
0.435
0.422
0.422
0.422
0.422
0.422
0.432
0.366
0.366
0.409
0.409
0.409
0.444
0.435
0.435
0.422
0.422
0.422
0.4
0.422
0.409
0.413
0.435
0.409
0.386
0.4
0.422
0.413
0.413
0.413
0.413
0.4
0.4
0.362
0.386
0.391
0.413
0.422
0.4
0.413
0.383
0.413
0.4
0.409
0.4
0.422
0.422
0.422
0.4
0.422
0.409
0.409
0.422
0.422
0.435
0.422
0.409
0.409
0.391
0.349
0.386
0.4
0.409
0.413
0.422
0.4
0.4
0.4
0.409
0.409
0.378
0.386
0.4
0.409
0.422
0.422
0.4
0.409
0.422
0.413
0.4
0.364
0.386
0.386
0.409
0.409
0.422
0.413
0.422
0.409
0.409
0.419
0.419
0.452
0.442
0.439
0.41
0.447
0.432
0.444
0.471
0.516
0.571
0.63
0.708
0.818
0.857
0.947
1.0
1.059
1.059
1.056
1.059
1.0
1.0
0.944
1.0
1.0
0.947
1.0
0.944
0.944
0.944
0.944
0.944
0.944
0.944
0.895
0.944
0.947
0.895
0.944
0.889
0.889
0.889
0.889
0.842
0.895
0.895
0.895
0.895
0.895
0.895
0.895
0.842
0.842
0.895
0.895
0.895
0.889
0.895
0.895
0.889
0.895
0.85
0.895
0.895
0.895
0.85
0.85
0.895
0.895
0.85
0.789
0.789
0.778
0.789
0.85
0.85
0.85
0.85
0.85
0.85
0.895
0.842
0.842
0.895
0.842
0.842
0.842
0.842
0.842
0.842
0.789
0.737
0.789
0.842
0.842
0.85
0.842
0.85
0.842
0.85
0.842
0.85
0.895
0.895
0.895
0.895
0.895
0.842
0.842
0.842
0.895
0.895
0.944
1.056
1.176
1.176
1.294
1.467
1.533
1.786
2.077
2.154
2.308
2.385
2.75
2.917
3.0
2.923
2.786
3.0
3.0
3.0
3.231
3.818
3.143
3.667
3.214
3.067
3.133
2.765
2.667
2.824
2.824
3.133
2.824
2.824
2.611
2.765
2.706
2.474
2.526
2.667
2.579
2.526
2.667
2.611
2.611
2.611
2.474
2.611
2.4
2.667
2.611
2.526
2.526
2.611
2.667
2.706
2.647
2.706
2.474
2.765
2.875
2.812
2.812
2.556
3.0
2.556
2.611
2.706
2.812
2.706
2.647
2.556
2.556
2.647
2.812
2.647
2.588
2.812
2.75
2.5
2.75
2.812
2.867
2.647
2.75
2.706
2.812
2.647
2.812
2.75
3.143
2.875
2.647
2.812
2.812
2.812
2.75
2.75
2.75
2.588
2.812
2.647
2.588
2.75
2.588
2.647
2.588
2.812
2.706
2.75
2.706
2.647
2.647
2.812
2.812
2.556
2.812
2.812
2.812
2.647
3.143
3.071
2.933
3.385
2.933
2.647
2.812
2.812
2.933
2.647
2.812
2.812
2.933
2.75
2.647
2.647
2.75
2.647
2.5
2.5
2.647
2.75
2.75
2.75
2.75
2.867
2.75
2.933
2.75
2.588
2.75
2.647
2.647
2.867
2.75
2.647
2.647
2.647
2.75
3.0
3.0
3.0
2.812
2.588
2.75
2.647
2.75
2.867
2.588
2.647
2.688
2.812
2.647
2.75
2.75
2.75
2.588
2.588
2.688
2.588
2.529
2.688
2.529
2.529
2.471
2.263
2.158
2.222
2.053
2.0
1.762
1.75
1.545
1.524
1.429
1.286
1.143
1.0
0.95
0.9
0.842
0.842
0.778
0.778
0.882
0.882
0.882
0.938
0.938
1.0
1.071
1.071
1.071
1.071
1.143
1.143
1.143
1.143
1.154
1.154
1.154
1.143
1.154
1.143
1.143
1.231
1.214
1.143
1.143
1.143
1.143
1.143
1.071
1.143
1.071
1.071
1.071
1.071
1.071
1.0
1.071
1.071
1.071
1.077
1.071
1.071
1.071
1.071
1.071
1.071
1.071
1.143
1.071
1.071
1.071
1.071
1.071
1.071
1.071
1.071
1.071
1.071
1.071
1.067
1.067
1.067
1.067
1.067
1.067
1.0
1.0
0.938
0.938
1.0
1.0
1.0
0.938
0.938
0.941
0.938
0.938
1.0
1.0
0.938
0.941
0.938
0.938
0.941
1.0
0.941
0.938
0.938
1.0
1.0
1.0
1.0
1.0
1.0
1.0
0.938
1.0
1.0
1.0
1.0
1.0
1.0
1.0
1.0
0.941
0.944
0.941
0.895
0.833
0.941
0.889
0.833
0.882
0.889
0.889
0.889
0.941
0.882
0.941
0.941
0.941
0.941
0.941
0.941
0.889
0.941
0.889
